pinguino,130,70,90,54,123,90,84,30,16,58,87,106,104,164,122,90
pinguino,130,70,90,54,123,90,84,30,16,58,87,106,104,164,122,90
pinguino,130,70,90,54,123,90,84,30,16,58,87,106,104,164,122,90
pinguino,130,70,90,54,123,90,84,30,16,58,87,106,104,164,122,90
pinguino,130,70,90,54,123,90,84,30,16,58,87,106,104,164,122,90
pinguino,130,70,90,54,123,90,84,30,16,58,87,106,104,164,122,90
pinguino,130,70,90,54,123,90,84,30,16,58,87,106,104,164,122,90
pinguino,130,70,90,54,123,90,84,30,16,58,87,106,104,164,122,90
pasito3,114,70,90,85,123,90,84,30,16,58,87,106,104,164,122,90
pasito3,114,70,90,85,123,90,84,30,16,58,87,106,104,164,122,90
pasito3,114,70,90,85,123,90,84,30,16,58,87,106,104,164,122,90
pasito3,114,70,90,85,123,90,84,30,16,58,87,106,104,164,122,90
pasito,130,70,90,54,123,90,84,30,16,58,87,106,126,178,122,90
pinguino,130,70,90,54,123,90,84,30,16,58,87,106,104,164,122,90
pasito2,130,70,90,54,123,90,84,17,0,58,87,106,104,164,122,90
pinguino,130,70,90,54,123,90,84,30,16,58,87,106,104,164,122,90
pasito,130,70,90,54,123,90,84,30,16,58,87,106,126,178,122,90
pinguino,130,70,90,54,123,90,84,30,16,58,87,106,104,164,122,90
pasito2,130,70,90,54,123,90,84,17,0,58,87,106,104,164,122,90
pinguino,130,70,90,54,123,90,84,30,16,58,87,106,104,164,122,90
pasito,130,70,90,54,123,90,84,30,16,58,87,106,126,178,122,90
pinguino,130,70,90,54,123,90,84,30,16,58,87,106,104,164,122,90
pasito2,130,70,90,54,123,90,84,17,0,58,87,106,104,164,122,90
pinguino,130,70,90,54,123,90,84,30,16,58,87,106,104,164,122,90
pasito,130,70,90,54,123,90,84,30,16,58,87,106,126,178,122,90
pinguino,130,70,90,54,123,90,84,30,16,58,87,106,104,164,122,90
pasito2,130,70,90,54,123,90,84,17,0,58,87,106,104,164,122,90
pinguino,130,70,90,54,123,90,84,30,16,58,87,106,104,164,122,90
pasito,130,70,90,54,123,90,84,30,16,58,87,106,126,178,122,90
pasito,130,70,90,54,123,90,84,30,16,58,87,106,126,178,122,90
pinguino,130,70,90,54,123,90,84,30,16,58,87,106,104,164,122,90
pasito2,130,70,90,54,123,90,84,17,0,58,87,106,104,164,122,90
pinguino,130,70,90,54,123,90,84,30,16,58,87,106,104,164,122,90
pasito,130,70,90,54,123,90,84,30,16,58,87,106,126,178,122,90
pinguino,130,70,90,54,123,90,84,30,16,58,87,106,104,164,122,90
pasito2,130,70,90,54,123,90,84,17,0,58,87,106,104,164,122,90
pinguino,130,70,90,54,123,90,84,30,16,58,87,106,104,164,122,90
pasito,130,70,90,54,123,90,84,30,16,58,87,106,126,178,122,90
pinguino,130,70,90,54,123,90,84,30,16,58,87,106,104,164,122,90
pasito2,130,70,90,54,123,90,84,17,0,58,87,106,104,164,122,90
pinguino,130,70,90,54,123,90,84,30,16,58,87,106,104,164,122,90
pasito,130,70,90,54,123,90,84,30,16,58,87,106,126,178,122,90
pinguino,130,70,90,54,123,90,84,30,16,58,87,106,104,164,122,90
pasito2,130,70,90,54,123,90,84,17,0,58,87,106,104,164,122,90
pinguino,130,70,90,54,123,90,84,30,16,58,87,106,104,164,122,90
pasito,130,70,90,54,123,90,84,30,16,58,87,106,126,178,122,90
pasito,130,70,90,54,123,90,84,30,16,58,87,106,126,178,122,90
pinguino,130,70,90,54,123,90,84,30,16,58,87,106,104,164,122,90
pasito2,130,70,90,54,123,90,84,17,0,58,87,106,104,164,122,90
pinguino,130,70,90,54,123,90,84,30,16,58,87,106,104,164,122,90
pasito,130,70,90,54,123,90,84,30,16,58,87,106,126,178,122,90
pinguino,130,70,90,54,123,90,84,30,16,58,87,106,104,164,122,90
pasito2,130,70,90,54,123,90,84,17,0,58,87,106,104,164,122,90
pinguino,130,70,90,54,123,90,84,30,16,58,87,106,104,164,122,90
pasito,130,70,90,54,123,90,84,30,16,58,87,106,126,178,122,90
pinguino,130,70,90,54,123,90,84,30,16,58,87,106,104,164,122,90
pasito2,130,70,90,54,123,90,84,17,0,58,87,106,104,164,122,90
pinguino,130,70,90,54,123,90,84,30,16,58,87,106,104,164,122,90
pasito,130,70,90,54,123,90,84,30,16,58,87,106,126,178,122,90
pinguino,130,70,90,54,123,90,84,30,16,58,87,106,104,164,122,90
pasito2,130,70,90,54,123,90,84,17,0,58,87,106,104,164,122,90
pinguino,130,70,90,54,123,90,84,30,16,58,87,106,104,164,122,90
pasito,130,70,90,54,123,90,84,30,16,58,87,106,126,178,122,90
pasito,130,70,90,54,123,90,84,30,16,58,87,106,126,178,122,90
pinguino,130,70,90,54,123,90,84,30,16,58,87,106,104,164,122,90
pasito2,130,70,90,54,123,90,84,17,0,58,87,106,104,164,122,90
pinguino,130,70,90,54,123,90,84,30,16,58,87,106,104,164,122,90
pasito,130,70,90,54,123,90,84,30,16,58,87,106,126,178,122,90
pinguino,130,70,90,54,123,90,84,30,16,58,87,106,104,164,122,90
pasito2,130,70,90,54,123,90,84,17,0,58,87,106,104,164,122,90
pinguino,130,70,90,54,123,90,84,30,16,58,87,106,104,164,122,90
pasito,130,70,90,54,123,90,84,30,16,58,87,106,126,178,122,90
pinguino,130,70,90,54,123,90,84,30,16,58,87,106,104,164,122,90
pasito2,130,70,90,54,123,90,84,17,0,58,87,106,104,164,122,90
pinguino,130,70,90,54,123,90,84,30,16,58,87,106,104,164,122,90
pasito,130,70,90,54,123,90,84,30,16,58,87,106,126,178,122,90
pinguino,130,70,90,54,123,90,84,30,16,58,87,106,104,164,122,90
pasito2,130,70,90,54,123,90,84,17,0,58,87,106,104,164,122,90
pinguino,130,70,90,54,123,90,84,30,16,58,87,106,104,164,122,90
pasito,130,70,90,54,123,90,84,30,16,58,87,106,126,178,122,90
pasito,130,70,90,54,123,90,84,30,16,58,87,106,126,178,122,90
pinguino,130,70,90,54,123,90,84,30,16,58,87,106,104,164,122,90
pasito2,130,70,90,54,123,90,84,17,0,58,87,106,104,164,122,90
pinguino,130,70,90,54,123,90,84,30,16,58,87,106,104,164,122,90
pasito,130,70,90,54,123,90,84,30,16,58,87,106,126,178,122,90
pinguino,130,70,90,54,123,90,84,30,16,58,87,106,104,164,122,90
pasito2,130,70,90,54,123,90,84,17,0,58,87,106,104,164,122,90
pinguino,130,70,90,54,123,90,84,30,16,58,87,106,104,164,122,90
pasito,130,70,90,54,123,90,84,30,16,58,87,106,126,178,122,90
pinguino,130,70,90,54,123,90,84,30,16,58,87,106,104,164,122,90
pasito2,130,70,90,54,123,90,84,17,0,58,87,106,104,164,122,90
pinguino,130,70,90,54,123,90,84,30,16,58,87,106,104,164,122,90
pasito,130,70,90,54,123,90,84,30,16,58,87,106,126,178,122,90
pinguino,130,70,90,54,123,90,84,30,16,58,87,106,104,164,122,90
pasito2,130,70,90,54,123,90,84,17,0,58,87,106,104,164,122,90
pinguino,130,70,90,54,123,90,84,30,16,58,87,106,104,164,122,90
pasito,130,70,90,54,123,90,84,30,16,58,87,106,126,178,122,90
pasito,130,70,90,54,123,90,84,30,16,58,87,106,126,178,122,90
pinguino,130,70,90,54,123,90,84,30,16,58,87,106,104,164,122,90
pasito2,130,70,90,54,123,90,84,17,0,58,87,106,104,164,122,90
pinguino,130,70,90,54,123,90,84,30,16,58,87,106,104,164,122,90
pasito,130,70,90,54,123,90,84,30,16,58,87,106,126,178,122,90
pinguino,130,70,90,54,123,90,84,30,16,58,87,106,104,164,122,90
pasito2,130,70,90,54,123,90,84,17,0,58,87,106,104,164,122,90
pinguino,130,70,90,54,123,90,84,30,16,58,87,106,104,164,122,90
pasito,130,70,90,54,123,90,84,30,16,58,87,106,126,178,122,90
pinguino,130,70,90,54,123,90,84,30,16,58,87,106,104,164,122,90
pasito2,130,70,90,54,123,90,84,17,0,58,87,106,104,164,122,90
pinguino,130,70,90,54,123,90,84,30,16,58,87,106,104,164,122,90
pasito,130,70,90,54,123,90,84,30,16,58,87,106,126,178,122,90
pinguino,130,70,90,54,123,90,84,30,16,58,87,106,104,164,122,90
pasito2,130,70,90,54,123,90,84,17,0,58,87,106,104,164,122,90
pinguino,130,70,90,54,123,90,84,30,16,58,87,106,104,164,122,90
pasito,130,70,90,54,123,90,84,30,16,58,87,106,126,178,122,90
pasito,130,70,90,54,123,90,84,30,16,58,87,106,126,178,122,90
pinguino,130,70,90,54,123,90,84,30,16,58,87,106,104,164,122,90
pasito2,130,70,90,54,123,90,84,17,0,58,87,106,104,164,122,90
pinguino,130,70,90,54,123,90,84,30,16,58,87,106,104,164,122,90
pasito,130,70,90,54,123,90,84,30,16,58,87,106,126,178,122,90
pinguino,130,70,90,54,123,90,84,30,16,58,87,106,104,164,122,90
pasito2,130,70,90,54,123,90,84,17,0,58,87,106,104,164,122,90
pinguino,130,70,90,54,123,90,84,30,16,58,87,106,104,164,122,90
pasito,130,70,90,54,123,90,84,30,16,58,87,106,126,178,122,90
pinguino,130,70,90,54,123,90,84,30,16,58,87,106,104,164,122,90
pasito2,130,70,90,54,123,90,84,17,0,58,87,106,104,164,122,90
pinguino,130,70,90,54,123,90,84,30,16,58,87,106,104,164,122,90
pasito,130,70,90,54,123,90,84,30,16,58,87,106,126,178,122,90
pinguino,130,70,90,54,123,90,84,30,16,58,87,106,104,164,122,90
pasito2,130,70,90,54,123,90,84,17,0,58,87,106,104,164,122,90
pinguino,130,70,90,54,123,90,84,30,16,58,87,106,104,164,122,90
pasito,130,70,90,54,123,90,84,30,16,58,87,106,126,178,122,90